[8,
16,
10,
17,
16,
10,
20,
17,
16,
10,
23,
20,
17,
16,
10,
25,
23,
20,
17,
16,
10,
28,
25,
23,
20,
17,
16,
10,
29,
28,
25,
23,
20,
17,
16,
10,
29,
28,
25,
23,
20,
17,
16,
10,
29,
28,
25,
23,
20,
17,
16,
10,
27,
28,
25,
23,
20,
17,
16,
10,
26,
23,
20,
17,
16,
10,
15,
7,
14,
15,
6,
13,
14,
15,
5,
5,
12,
13,
14,
15,
3,
4,
5,
6,
8,
10,
10,
10,
10,
10,
10,
10,
10,
10,
10,
10,
10,
10,
10,
10,
10,
10,
10,
10,
10,
10,
10,
10,
10,
10,
10,
10,
10,
10,
10,
8,
9,
6,
7,
8,
5,
6,
6,
7,
4,
5,
5,
6,
6,
3,
4,
4,
5,
5,
6,
15,
5,
4,
5,
6,
3,
4,
5,
7,
6,
8,
2,
3,
4,
5,
7,
9,
7,
5,
6,
6,
4,
5,
5,
6,
3,
4,
4,
5,
5,
15,
5,
6,
4,
5,
7,
6,
8,
8,
6,
7,
5,
6,
6,
4,
5,
5,
6,
15,
5,
4,
5,
6,
3,
4,
5,
7,
9,
7,
8,
5,
6,
6,
7,
4]